ne=   [3.17000000e+13, 3.16658535e+13, 3.16334603e+13, 3.16026887e+13,...
       3.15734069e+13, 3.15454831e+13, 3.15187856e+13, 3.14931826e+13,...
       3.14685425e+13, 3.14447334e+13, 3.14216235e+13, 3.13990812e+13,...
       3.13769747e+13, 3.13551722e+13, 3.13335419e+13, 3.13119522e+13,...
       3.12902712e+13, 3.12683673e+13, 3.12461086e+13, 3.12233634e+13,...
       3.12000000e+13, 3.11758866e+13, 3.11508914e+13, 3.11248827e+13,...
       3.10977288e+13, 3.10692978e+13, 3.10394581e+13, 3.10080778e+13,...
       3.09750253e+13, 3.09401688e+13, 3.09033765e+13, 3.08645166e+13,...
       3.08234575e+13, 3.07800674e+13, 3.07342144e+13, 3.06857669e+13,...
       3.06345931e+13, 3.05805613e+13, 3.05235397e+13, 3.04633965e+13,...
       3.04000000e+13, 3.03332546e+13, 3.02632096e+13, 3.01899503e+13,...
       3.01135620e+13, 3.00341302e+13, 2.99517403e+13, 2.98664775e+13,...
       2.97784274e+13, 2.96876753e+13, 2.95943065e+13, 2.94984065e+13,...
       2.94000607e+13, 2.92993543e+13, 2.91963728e+13, 2.90912016e+13,...
       2.89839261e+13, 2.88746316e+13, 2.87634035e+13, 2.86503272e+13,...
       2.85354881e+13, 2.84189715e+13, 2.83008629e+13, 2.81812476e+13,...
       2.80602110e+13, 2.79378385e+13, 2.78142155e+13, 2.76894273e+13,...
       2.75635593e+13, 2.74366970e+13, 2.73089256e+13, 2.71803306e+13,...
       2.70509973e+13, 2.69210112e+13, 2.67904576e+13, 2.66594219e+13,...
       2.65279894e+13, 2.63962456e+13, 2.62642759e+13, 2.61321655e+13,...
       2.60000000e+13, 2.58678646e+13, 2.57358448e+13, 2.56040260e+13,...
       2.54576042e+13, 2.53413326e+13, 2.52252390e+13, 2.51094241e+13,...
       2.49939890e+13, 2.48790345e+13, 2.47646616e+13, 2.46509710e+13,...
       2.45380573e+13, 2.44259552e+13, 2.43146663e+13, 2.42041921e+13,...
       2.40945340e+13, 2.39856933e+13, 2.38776715e+13, 2.37704701e+13,...
       2.36640903e+13, 2.35585336e+13, 2.34538014e+13, 2.33498951e+13,...
       2.32468161e+13, 2.31445659e+13, 2.30431456e+13, 2.29424918e+13,...
       2.28423897e+13, 2.27426027e+13, 2.26428943e+13, 2.25430279e+13,...
       2.24427668e+13, 2.23418746e+13, 2.22401146e+13, 2.21372503e+13,...
       2.20330450e+13, 2.19272623e+13, 2.18196655e+13, 2.17100181e+13,...
       2.15980835e+13, 2.14836537e+13, 2.13668915e+13, 2.12482193e+13,...
       2.11280649e+13, 2.10068558e+13, 2.08850199e+13, 2.07629847e+13,...
       2.06411780e+13, 2.05200274e+13, 2.03999606e+13, 2.02814053e+13,...
       2.01647892e+13, 2.00505400e+13, 1.99390853e+13, 1.98308528e+13,...
       1.97261003e+13, 1.96245676e+13, 1.95258963e+13, 1.94297277e+13,...
       1.93357033e+13, 1.92434644e+13, 1.91526526e+13, 1.90629093e+13,...
       1.89738759e+13, 1.88851937e+13, 1.87965044e+13, 1.87074492e+13,...
       1.86176696e+13, 1.85268071e+13, 1.84345190e+13, 1.83407606e+13,...
       1.82457524e+13, 1.81497235e+13, 1.80529035e+13, 1.79555218e+13,...
       1.78578077e+13, 1.77599907e+13, 1.76623002e+13, 1.75649656e+13,...
       1.74682163e+13, 1.73722817e+13, 1.72773912e+13, 1.71837743e+13,...
       1.70916602e+13, 1.70012786e+13, 1.69128587e+13, 1.68266300e+13,...
       1.67428218e+13, 1.66616636e+13, 1.65833848e+13, 1.64876465e+13,...
       1.64000000e+13, 1.63188609e+13, 1.62426448e+13, 1.61697672e+13,...
       1.60986436e+13, 1.60276895e+13, 1.59553206e+13, 1.58799522e+13,...
       1.58000000e+13, 1.57142797e+13, 1.56232079e+13, 1.55276015e+13,...
       1.54282772e+13, 1.53260520e+13, 1.52217426e+13, 1.51161658e+13,...
       1.50101386e+13, 1.49044777e+13, 1.48000000e+13, 1.46975223e+13,...
       1.45978614e+13, 1.45018342e+13, 1.44102574e+13, 1.43239480e+13,...
       1.42437228e+13, 1.41703985e+13, 1.41047921e+13, 1.40477203e+13,...
       1.40000000e+13]-1e13;